기간	구분	일반가구수	가구원수별 가구수	가구원수별 가구수	가구원수별 가구수	가구원수별 가구수	가구원수별 가구수	가구원수별 가구수	가구원수별 가구수	평균가구원수
기간	구분	일반가구수	1인	2인	3인	4인	5인	6인	7인 이상	평균가구원수
2000	합계	3,085,936	502,245	524,663	670,538	989,621	312,946	63,668	22,255	3.1
2000	종로구	56,284	12,784	10,593	11,384	14,259	5,447	1,286	531	2.9
2000	중구	44,461	10,353	8,562	9,119	11,116	4,173	839	299	2.9
2000	용산구	74,981	15,233	14,824	16,127	19,781	6,969	1,458	589	2.9
2000	성동구	102,285	17,205	18,657	22,370	30,598	10,238	2,364	853	3.1
2000	광진구	122,206	22,711	21,408	25,806	37,383	11,661	2,391	846	3
2000	동대문구	121,650	26,498	22,167	24,623	33,254	11,659	2,509	940	2.9
2000	중랑구	134,969	19,115	21,973	30,301	45,588	13,746	3,197	1,049	3.2
2000	성북구	143,756	24,576	24,527	31,107	43,095	15,693	3,460	1,298	3.1
2000	강북구	103,674	14,049	17,603	23,955	32,885	11,579	2,633	970	3.2
2000	도봉구	103,822	10,826	15,931	23,958	38,782	11,089	2,457	779	3.3
2000	노원구	179,842	17,621	29,014	43,030	67,409	18,204	3,510	1,054	3.3
2000	은평구	133,971	17,824	22,639	30,816	43,981	14,221	3,279	1,211	3.2
2000	서대문구	110,057	18,698	20,320	24,400	32,223	10,903	2,555	958	3.1
2000	마포구	120,632	23,754	23,293	26,085	33,044	10,895	2,603	958	3
2000	양천구	136,316	16,426	19,616	29,828	51,935	14,966	2,697	848	3.3
2000	강서구	154,489	21,158	25,538	34,789	52,921	15,922	3,118	1,043	3.2
2000	구로구	122,794	21,274	19,460	25,765	40,133	12,901	2,370	891	3.1
2000	금천구	85,649	16,706	13,666	17,763	27,189	8,122	1,672	531	3
2000	영등포구	124,302	22,704	22,090	26,213	37,955	11,999	2,478	863	3
2000	동작구	126,663	21,833	22,640	27,144	37,956	13,216	2,831	1,043	3.1
2000	관악구	159,048	29,256	28,517	33,773	46,794	15,853	3,549	1,306	3
2000	서초구	116,250	20,204	19,924	24,621	36,970	12,139	1,795	597	3.1
2000	강남구	171,076	34,667	29,229	34,768	53,240	16,268	2,188	716	3
2000	송파구	193,043	26,606	30,884	41,812	68,738	20,311	3,566	1,126	3.2
2000	강동구	143,716	20,164	21,588	30,981	52,392	14,772	2,863	956	3.2
2005	합계	3,309,890	675,739	670,455	732,043	917,243	248,450	49,781	16,179	2.9
2005	종로구	54,534	14,592	11,641	10,624	12,373	4,087	905	312	2.7
2005	중구	46,625	13,128	9,833	9,270	9,961	3,538	627	268	2.7
2005	용산구	76,125	18,218	18,032	16,187	17,302	4,902	1,088	396	2.7
2005	성동구	111,485	23,161	24,104	24,784	28,823	8,263	1,756	594	2.8
2005	광진구	125,845	27,975	26,349	26,617	33,676	8,877	1,772	579	2.8
2005	동대문구	131,213	32,710	27,114	26,816	31,631	10,078	2,140	724	2.8
2005	중랑구	137,907	25,622	27,876	31,417	39,299	10,646	2,344	703	2.9
2005	성북구	146,894	28,278	30,470	33,140	39,923	11,541	2,683	859	2.9
2005	강북구	112,719	19,661	23,947	26,804	30,732	8,733	2,073	769	3
2005	도봉구	116,492	15,890	22,224	28,227	37,951	9,575	1,972	653	3.1
2005	노원구	191,342	25,701	36,951	46,455	63,524	15,091	2,827	793	3.1
2005	은평구	145,477	23,461	30,238	35,247	41,328	11,595	2,636	972	3
2005	서대문구	117,866	26,764	25,469	25,293	29,296	8,394	1,941	709	2.8
2005	마포구	135,042	34,262	30,249	28,207	30,947	8,756	1,963	658	2.7
2005	양천구	148,261	20,344	25,960	34,842	51,480	12,720	2,263	652	3.1
2005	강서구	178,045	31,163	35,534	41,570	52,590	13,674	2,690	824	3
2005	구로구	132,705	23,406	26,124	30,326	39,037	10,917	2,203	692	3
2005	금천구	85,171	18,201	16,598	18,347	23,984	6,359	1,282	400	2.9
2005	영등포구	135,609	28,624	29,255	29,601	35,967	9,622	1,933	607	2.8
2005	동작구	136,863	28,068	29,717	30,434	35,661	10,130	2,118	735	2.9
2005	관악구	202,788	66,058	40,181	37,525	43,105	12,397	2,639	883	2.5
2005	서초구	124,933	24,349	24,999	27,892	36,003	9,720	1,508	462	2.9
2005	강남구	186,020	50,545	37,017	37,099	47,661	11,747	1,511	440	2.7
2005	송파구	187,000	31,972	34,772	42,391	58,994	15,352	2,725	794	3
2005	강동구	142,929	23,586	25,801	32,928	45,995	11,736	2,182	701	3
2010	합계	3,504,297	854,606	781,527	788,115	807,836	209,061	47,659	15,493	2.7
2010	종로구	57,807	18,156	13,073	11,255	10,832	3,315	849	327	2.5
2010	중구	45,656	13,909	10,957	9,357	8,229	2,426	580	198	2.5
2010	용산구	86,470	25,846	21,376	17,988	15,721	4,280	958	301	2.5
2010	성동구	107,114	27,041	25,050	23,471	23,512	6,070	1,456	514	2.7
2010	광진구	133,468	36,411	30,313	28,304	28,981	7,260	1,653	546	2.6
2010	동대문구	128,042	36,897	28,178	26,703	26,278	7,408	1,924	654	2.6
2010	중랑구	144,951	33,324	33,469	33,753	33,129	8,631	2,034	611	2.7
2010	성북구	162,896	38,652	36,345	37,098	37,417	10,113	2,458	813	2.7
2010	강북구	117,072	26,054	28,303	27,893	25,488	6,934	1,807	593	2.7
2010	도봉구	118,947	21,233	26,510	29,910	31,272	7,719	1,755	548	2.9
2010	노원구	197,168	34,290	42,867	48,337	55,483	12,875	2,613	703	2.9
2010	은평구	154,923	29,795	36,053	37,846	37,281	10,368	2,681	899	2.8
2010	서대문구	112,701	29,943	25,826	23,951	23,946	6,691	1,748	596	2.6
2010	마포구	141,402	41,109	33,534	29,318	27,842	7,323	1,739	537	2.5
2010	양천구	154,239	25,218	30,440	38,023	46,514	11,108	2,210	726	3
2010	강서구	193,629	41,804	43,145	46,633	46,647	11,965	2,576	859	2.8
2010	구로구	142,678	30,156	32,185	34,077	34,362	9,121	2,091	686	2.8
2010	금천구	86,533	23,274	19,298	18,847	18,689	4,889	1,170	366	2.6
2010	영등포구	138,637	34,158	32,312	31,145	30,647	7,984	1,813	578	2.7
2010	동작구	145,744	40,256	33,201	30,934	30,440	8,269	2,002	642	2.6
2010	관악구	217,359	84,423	45,930	38,542	35,910	9,582	2,230	742	2.3
2010	서초구	136,840	29,188	29,678	31,999	34,533	8,787	1,952	703	2.8
2010	강남구	200,965	59,528	42,772	41,331	43,953	10,670	2,012	699	2.6
2010	송파구	219,426	42,222	46,802	52,671	58,910	14,744	3,108	969	2.9
2010	강동구	159,630	31,719	33,910	38,729	41,820	10,529	2,240	683	2.8
2015	합계	3,784,490	1,115,744	930,467	817,440	701,945	169,436	38,547	10,911	2.5
2015	종로구	61,580	22,776	15,314	11,272	8,840	2,535	628	215	2.3
2015	중구	51,205	19,161	13,157	9,392	6,987	1,879	483	146	2.2
2015	용산구	90,313	31,025	23,776	17,826	13,222	3,436	788	240	2.3
2015	성동구	114,719	35,259	28,415	24,622	20,125	4,748	1,220	330	2.4
2015	광진구	147,718	54,210	33,112	28,603	24,511	5,595	1,284	403	2.3
2015	동대문구	146,677	52,884	34,156	28,136	23,382	6,029	1,615	475	2.3
2015	중랑구	157,537	45,138	40,248	34,528	28,363	7,145	1,680	435	2.5
2015	성북구	174,257	52,005	41,763	37,428	32,357	8,118	2,009	577	2.5
2015	강북구	125,666	35,787	33,501	27,585	21,533	5,501	1,332	427	2.5
2015	도봉구	124,981	27,348	33,003	30,482	26,199	6,138	1,401	410	2.7
2015	노원구	204,836	46,129	49,939	49,483	46,752	10,096	1,950	487	2.7
2015	은평구	179,752	43,936	48,337	41,330	34,509	8,975	2,087	578	2.6
2015	서대문구	121,034	40,160	29,851	24,236	20,088	5,073	1,242	384	2.4
2015	마포구	154,981	52,437	38,851	30,747	25,100	6,117	1,357	372	2.4
2015	양천구	163,823	32,832	38,206	41,332	39,905	9,160	1,889	499	2.8
2015	강서구	217,636	56,990	55,553	50,022	42,244	10,129	2,117	581	2.5
2015	구로구	156,528	40,988	39,731	35,289	30,641	7,547	1,840	492	2.6
2015	금천구	93,443	31,219	22,485	19,099	15,649	3,816	904	271	2.4
2015	영등포구	147,745	48,433	36,647	30,391	24,698	5,811	1,369	396	2.4
2015	동작구	161,000	53,954	38,290	32,701	27,457	6,660	1,525	413	2.4
2015	관악구	228,636	100,302	51,894	37,713	29,232	7,290	1,709	496	2.1
2015	서초구	154,031	37,496	37,093	35,934	32,829	8,255	1,828	596	2.6
2015	강남구	211,357	61,897	51,614	45,477	40,514	9,322	1,974	559	2.5
2015	송파구	230,941	53,481	55,654	55,334	51,635	11,717	2,449	671	2.7
2015	강동구	164,094	39,897	39,877	38,478	35,173	8,344	1,867	458	2.6
2016	합계	3,784,705	1,138,860	931,262	816,946	686,469	163,555	37,153	10,460	2.5
2016	종로구	60,786	22,835	14,974	11,060	8,712	2,397	618	190	2.3
2016	중구	51,503	19,671	13,086	9,453	6,844	1,836	480	133	2.2
2016	용산구	90,164	31,641	23,505	17,580	13,121	3,327	780	210	2.3
2016	성동구	116,401	37,074	28,668	24,655	19,874	4,636	1,164	330	2.4
2016	광진구	146,196	53,169	33,221	28,757	24,040	5,430	1,202	377	2.3
2016	동대문구	145,179	52,650	34,094	27,768	22,627	6,011	1,584	445	2.3
2016	중랑구	157,571	45,717	40,865	34,515	27,503	6,971	1,569	431	2.5
2016	성북구	174,370	54,117	41,498	36,906	31,578	7,791	1,915	565	2.5
2016	강북구	125,580	36,668	33,636	27,243	20,969	5,386	1,294	384	2.4
2016	도봉구	125,384	28,296	33,279	30,449	25,702	5,900	1,375	383	2.6
2016	노원구	204,606	47,641	50,338	49,255	45,404	9,675	1,867	426	2.6
2016	은평구	178,775	44,440	48,170	41,213	33,726	8,626	2,032	568	2.6
2016	서대문구	126,581	43,298	30,769	25,336	20,559	5,042	1,224	353	2.4
2016	마포구	153,610	53,382	37,837	30,533	24,334	5,892	1,268	364	2.3
2016	양천구	163,253	32,878	38,620	41,654	39,182	8,640	1,798	481	2.8
2016	강서구	222,652	60,988	56,504	50,606	42,042	9,837	2,085	590	2.5
2016	구로구	156,671	42,055	39,875	35,273	29,972	7,283	1,723	490	2.5
2016	금천구	93,402	31,728	22,652	19,110	15,034	3,745	864	269	2.4
2016	영등포구	146,904	49,453	35,972	30,397	23,867	5,544	1,306	365	2.4
2016	동작구	159,770	52,954	38,396	32,979	27,152	6,401	1,483	405	2.4
2016	관악구	230,570	103,972	51,679	37,389	28,357	6,997	1,692	484	2.1
2016	서초구	155,051	38,357	37,334	36,130	32,862	8,068	1,728	572	2.6
2016	강남구	208,904	61,998	50,447	45,353	39,694	8,984	1,893	535	2.5
2016	송파구	230,801	54,409	56,203	55,774	50,122	11,184	2,462	647	2.6
2016	강동구	160,021	39,469	39,640	37,558	33,192	7,952	1,747	463	2.6
2017	합계	3,813,260	1,180,540	956,978	813,629	662,920	154,992	34,649	9,552	2.4
2017	종로구	62,372	23,638	15,697	11,268	8,636	2,351	601	181	2.2
2017	중구	52,208	20,164	13,623	9,498	6,696	1,660	445	122	2.2
2017	용산구	91,102	33,076	24,058	17,316	12,585	3,154	724	189	2.2
2017	성동구	120,957	39,067	30,728	25,452	19,855	4,437	1,115	303	2.4
2017	광진구	147,846	54,866	34,309	28,746	23,244	5,191	1,151	339	2.3
2017	동대문구	145,294	54,030	34,391	27,589	21,820	5,617	1,458	389	2.3
2017	중랑구	159,035	47,543	42,102	34,301	26,685	6,603	1,402	399	2.4
2017	성북구	172,973	54,243	41,856	36,766	30,370	7,383	1,839	516	2.4
2017	강북구	127,281	39,082	34,386	27,070	20,164	5,059	1,202	318	2.4
2017	도봉구	125,974	29,469	34,622	30,336	24,408	5,554	1,222	363	2.6
2017	노원구	202,955	49,265	50,990	48,297	43,178	9,065	1,759	401	2.6
2017	은평구	179,641	46,535	49,163	41,144	32,289	8,115	1,857	538	2.5
2017	서대문구	126,672	43,418	31,366	25,369	20,065	4,941	1,161	352	2.3
2017	마포구	152,814	54,162	38,271	29,979	23,392	5,516	1,167	327	2.3
2017	양천구	162,045	33,088	39,456	41,391	37,771	8,261	1,660	418	2.7
2017	강서구	231,739	68,237	59,781	50,963	40,778	9,470	1,974	536	2.4
2017	구로구	156,110	42,984	40,714	34,809	28,676	6,884	1,586	457	2.5
2017	금천구	95,331	32,928	23,735	19,236	14,787	3,595	819	231	2.3
2017	영등포구	147,559	51,151	36,710	30,068	22,879	5,277	1,172	302	2.3
2017	동작구	160,062	54,355	38,981	32,470	26,368	6,126	1,402	360	2.4
2017	관악구	232,212	106,865	53,069	36,587	27,139	6,515	1,584	453	2.1
2017	서초구	155,513	39,702	38,291	35,950	31,968	7,412	1,685	505	2.6
2017	강남구	207,369	62,774	50,634	44,795	38,367	8,529	1,770	500	2.5
2017	송파구	237,516	58,848	59,153	56,774	49,044	10,760	2,333	604	2.6
2017	강동구	160,680	41,050	40,892	37,455	31,756	7,517	1,561	449	2.6
2018	합계	3,839,766	1,229,421	977,469	807,545	637,385	147,231	32,059	8,656	2.4
2018	종로구	63,773	25,326	15,957	11,241	8,286	2,228	573	162	2.2
2018	중구	53,102	20,803	14,101	9,601	6,463	1,591	433	110	2.2
2018	용산구	92,500	34,240	24,574	17,717	12,098	3,019	681	171	2.2
2018	성동구	123,963	40,706	32,135	26,002	19,548	4,273	1,035	264	2.3
2018	광진구	148,735	56,337	35,093	28,596	22,354	4,947	1,079	329	2.3
2018	동대문구	146,974	55,593	35,628	27,612	21,139	5,341	1,321	340	2.3
2018	중랑구	159,444	49,207	42,934	34,055	25,381	6,159	1,353	355	2.4
2018	성북구	171,943	55,136	42,140	36,301	29,176	7,067	1,665	458	2.4
2018	강북구	127,551	40,872	34,781	26,543	19,222	4,748	1,077	308	2.3
2018	도봉구	126,286	30,848	35,343	30,077	23,237	5,292	1,146	343	2.5
2018	노원구	202,326	51,280	51,939	47,672	40,995	8,517	1,542	381	2.6
2018	은평구	181,338	48,888	50,617	40,750	31,086	7,833	1,682	482	2.5
2018	서대문구	127,197	44,795	31,734	25,206	19,423	4,641	1,082	316	2.3
2018	마포구	154,940	56,837	38,861	29,938	22,671	5,233	1,108	292	2.3
2018	양천구	162,039	34,304	40,185	41,534	36,359	7,768	1,502	387	2.7
2018	강서구	235,754	73,011	62,155	50,204	39,017	9,061	1,807	499	2.4
2018	구로구	156,235	44,151	41,836	34,633	27,310	6,479	1,425	401	2.5
2018	금천구	96,298	34,564	24,305	18,948	14,102	3,388	769	222	2.3
2018	영등포구	149,831	53,477	37,774	29,904	22,271	5,038	1,086	281	2.3
2018	동작구	161,495	56,872	39,300	32,597	25,296	5,811	1,277	342	2.3
2018	관악구	236,761	112,733	54,106	35,925	25,997	6,172	1,451	377	2
2018	서초구	155,418	41,137	38,475	35,620	31,029	7,112	1,598	447	2.6
2018	강남구	203,083	62,727	50,076	43,542	36,572	8,063	1,664	439	2.4
2018	송파구	243,547	63,451	61,970	56,824	48,156	10,366	2,235	545	2.5
2018	강동구	159,233	42,126	41,450	36,503	30,197	7,084	1,468	405	2.5
2019	합계	3,896,389	1,299,787	1,005,065	801,819	614,026	138,596	29,336	7,760	2.3
2019	종로구	62,652	24,671	16,208	11,154	7,828	2,143	505	143	2.2
2019	중구	54,496	22,078	14,578	9,540	6,292	1,533	373	102	2.1
2019	용산구	93,177	35,148	25,164	17,439	11,736	2,907	612	171	2.2
2019	성동구	122,770	41,488	32,125	25,634	18,379	4,014	877	253	2.3
2019	광진구	149,905	58,714	35,678	28,054	21,454	4,711	1,006	288	2.2
2019	동대문구	148,349	58,152	36,060	27,436	20,168	4,988	1,204	341	2.2
2019	중랑구	160,776	52,196	44,057	33,160	24,003	5,766	1,251	343	2.3
2019	성북구	176,729	57,832	44,443	37,033	28,861	6,718	1,446	396	2.4
2019	강북구	128,012	42,791	35,439	25,967	18,104	4,465	981	265	2.3
2019	도봉구	126,831	32,653	36,329	29,580	22,061	4,901	1,014	293	2.5
2019	노원구	201,458	53,365	52,832	46,783	38,952	7,772	1,447	307	2.5
2019	은평구	184,890	52,814	52,257	40,789	29,700	7,303	1,604	423	2.4
2019	서대문구	128,635	46,449	32,581	25,283	18,696	4,376	976	274	2.3
2019	마포구	156,885	59,248	39,471	29,985	21,930	4,962	1,014	275	2.2
2019	양천구	162,867	36,345	41,435	40,897	35,189	7,272	1,393	336	2.6
2019	강서구	240,135	79,371	63,517	49,322	37,325	8,458	1,707	435	2.3
2019	구로구	160,378	47,740	43,700	34,624	26,459	6,214	1,261	380	2.4
2019	금천구	99,315	37,778	25,207	18,771	13,535	3,131	708	185	2.2
2019	영등포구	153,923	58,214	38,671	29,661	21,503	4,597	1,032	245	2.2
2019	동작구	164,963	60,088	40,739	32,514	24,570	5,564	1,204	284	2.3
2019	관악구	242,154	119,863	55,423	34,875	24,563	5,806	1,283	341	2
2019	서초구	155,377	42,667	38,892	35,327	29,850	6,704	1,503	434	2.5
2019	강남구	206,524	66,073	51,560	43,435	35,800	7,671	1,564	421	2.4
2019	송파구	252,212	68,861	65,402	57,821	47,607	10,014	2,038	469	2.5
2019	강동구	162,976	45,188	43,297	36,735	29,461	6,606	1,333	356	2.5